diff --git a/src/corelib/tools/qunicodetables.cpp b/src/corelib/tools/qunicodetables.cpp
index 7f823d4..91d260b 100644
--- a/src/corelib/tools/qunicodetables.cpp
+++ b/src/corelib/tools/qunicodetables.cpp
@@ -3488,13 +3488,13 @@ static const QUnicodeTables::Properties uc_properties[] = {
     { 5, 11, 2, 0, 0, 1, 1, 0, 0, 0, 0, 0, 0, 0, 0, 0, 0, 0, 0 },
     { 24, 2, 10, 0, 0, -1, 1, 0, 0, 0, 0, -16, 0, 0, 0, 0, 0, 0, 10 },
     { 5, 11, 10, 0, 0, -1, 1, 0, 0, 0, 0, 0, 0, 0, 0, 0, 0, 0, 0 },
-    { 15, 11, 0, 0, 0, -1, 1, 0, 1, 1, 0, 0, 0, 3, 0, 0, 0, 3, 4 },
+    { 15, 11, 0, 0, 0, -1, 1, 0, 1, 1, 0, 0, 0, 4, 1, 0, 0, 3, 4 },
     { 15, 11, 0, 0, 0, -1, 1, 0, 0, 0, 0, 0, 0, 121, 121, 0, 0, 3, 4 },
     { 14, 11, 0, 0, 0, -1, 1, 0, 0, 0, 0, 0, 1, 0, 0, 1, 0, 3, 5 },
     { 15, 11, 0, 0, 0, -1, 1, 0, 0, 0, 0, 0, 0, -1, -1, 0, 0, 3, 4 },
-    { 14, 11, 0, 0, 0, -1, 1, 1, 0, 0, 0, 0, 6, 0, 0, 0, 0, 3, 5 },
+    { 14, 11, 0, 0, 0, -1, 1, 1, 0, 0, 0, 0, 7, 0, 0, 0, 0, 3, 5 },
     { 15, 11, 0, 0, 0, -1, 1, 0, 0, 0, 0, 0, 0, -232, -232, 0, 0, 3, 4 },
-    { 15, 11, 0, 0, 0, -1, 1, 0, 1, 1, 0, 0, 0, 85, 85, 0, 0, 3, 4 },
+    { 15, 11, 0, 0, 0, -1, 1, 0, 1, 1, 0, 0, 0, 86, 86, 0, 0, 3, 4 },
     { 14, 11, 0, 0, 0, -1, 1, 0, 0, 0, 0, 0, -121, 0, 0, -121, 0, 3, 5 },
     { 15, 11, 0, 0, 0, -1, 1, 0, 0, 0, 0, 0, 0, -300, -300, -268, 0, 3, 4 },
     { 15, 11, 0, 0, 0, -1, 1, 0, 0, 0, 0, 0, 0, 195, 195, 0, 0, 3, 4 },
@@ -3521,7 +3521,7 @@ static const QUnicodeTables::Properties uc_properties[] = {
     { 16, 11, 0, 0, 0, -1, 1, 0, 0, 0, 0, 0, 1, -1, 0, 1, 0, 3, 5 },
     { 15, 11, 0, 0, 0, -1, 1, 0, 0, 0, 0, 0, 0, -2, -1, 0, 0, 3, 4 },
     { 15, 11, 0, 0, 0, -1, 1, 0, 0, 0, 0, 0, 0, -79, -79, 0, 0, 3, 4 },
-    { 15, 11, 0, 0, 0, -1, 1, 0, 1, 1, 0, 0, 0, 96, 96, 0, 0, 3, 4 },
+    { 15, 11, 0, 0, 0, -1, 1, 0, 1, 1, 0, 0, 0, 97, 97, 0, 0, 3, 4 },
     { 14, 11, 0, 0, 0, -1, 4, 0, 0, 0, 0, 0, -97, 0, 0, -97, 0, 3, 5 },
     { 14, 11, 0, 0, 0, -1, 4, 0, 0, 0, 0, 0, -56, 0, 0, -56, 0, 3, 5 },
     { 14, 11, 0, 0, 0, -1, 4, 0, 0, 0, 0, 0, 1, 0, 0, 1, 0, 3, 5 },
@@ -3591,10 +3591,10 @@ static const QUnicodeTables::Properties uc_properties[] = {
     { 14, 11, 0, 0, 0, -1, 1, 0, 0, 0, 0, 0, 37, 0, 0, 37, 0, 3, 5 },
     { 14, 11, 0, 0, 0, -1, 1, 0, 0, 0, 0, 0, 64, 0, 0, 64, 0, 3, 5 },
     { 14, 11, 0, 0, 0, -1, 1, 0, 0, 0, 0, 0, 63, 0, 0, 63, 0, 3, 5 },
-    { 15, 11, 0, 0, 0, -1, 1, 0, 1, 1, 0, 0, 0, 88, 88, 0, 0, 3, 4 },
+    { 15, 11, 0, 0, 0, -1, 1, 0, 1, 1, 0, 0, 0, 89, 89, 0, 0, 3, 4 },
     { 15, 11, 0, 0, 0, -1, 1, 0, 0, 0, 0, 0, 0, -38, -38, 0, 0, 3, 4 },
     { 15, 11, 0, 0, 0, -1, 1, 0, 0, 0, 0, 0, 0, -37, -37, 0, 0, 3, 4 },
-    { 15, 11, 0, 0, 0, -1, 1, 0, 1, 1, 0, 0, 0, 92, 92, 0, 0, 3, 4 },
+    { 15, 11, 0, 0, 0, -1, 1, 0, 1, 1, 0, 0, 0, 93, 93, 0, 0, 3, 4 },
     { 15, 11, 0, 0, 0, -1, 1, 0, 0, 0, 0, 0, 0, -31, -31, 1, 0, 3, 4 },
     { 15, 11, 0, 0, 0, -1, 1, 0, 0, 0, 0, 0, 0, -64, -64, 0, 0, 3, 4 },
     { 15, 11, 0, 0, 0, -1, 1, 0, 0, 0, 0, 0, 0, -63, -63, 0, 0, 3, 4 },
@@ -3627,7 +3627,7 @@ static const QUnicodeTables::Properties uc_properties[] = {
     { 25, 11, 0, 0, 0, -1, 1, 0, 0, 0, 0, 0, 0, 0, 0, 0, 0, 0, 0 },
     { 25, 11, 0, 0, 0, -1, 1, 0, 0, 0, 0, 0, 0, 0, 0, 0, 0, 0, 9 },
     { 15, 11, 0, 0, 0, -1, 1, 0, 0, 0, 0, 0, 0, -48, -48, 0, 0, 3, 4 },
-    { 15, 11, 0, 0, 0, -1, 1, 0, 1, 1, 0, 0, 0, 52, 49, 0, 0, 3, 4 },
+    { 15, 11, 0, 0, 0, -1, 1, 0, 1, 1, 0, 0, 0, 53, 50, 0, 0, 3, 4 },
     { 25, 7, 0, 0, 0, -1, 1, 0, 0, 0, 0, 0, 0, 0, 0, 0, 0, 5, 9 },
     { 20, 15, 10, 0, 0, -1, 4, 0, 0, 0, 0, 0, 0, 0, 0, 0, 0, 0, 0 },
     { 13, 11, 1, 0, 0, -1, 0, 0, 0, 0, 0, 0, 0, 0, 0, 0, 0, 0, 0 },
@@ -3911,105 +3911,105 @@ static const QUnicodeTables::Properties uc_properties[] = {
     { 17, 11, 0, 0, 0, -1, 7, 0, 0, 0, 0, 0, 0, 0, 0, 0, 0, 3, 4 },
     { 17, 11, 0, 0, 0, -1, 8, 0, 0, 0, 0, 0, 0, 0, 0, 0, 0, 3, 4 },
     { 15, 11, 0, 0, 0, -1, 8, 0, 0, 0, 0, 0, 0, 3814, 3814, 0, 0, 3, 4 },
-    { 15, 11, 0, 0, 0, -1, 1, 0, 1, 1, 0, 0, 0, 99, 99, 0, 0, 3, 4 },
-    { 15, 11, 0, 0, 0, -1, 1, 0, 1, 1, 0, 0, 0, 102, 102, 0, 0, 3, 4 },
-    { 15, 11, 0, 0, 0, -1, 1, 0, 1, 1, 0, 0, 0, 105, 105, 0, 0, 3, 4 },
-    { 15, 11, 0, 0, 0, -1, 1, 0, 1, 1, 0, 0, 0, 108, 108, 0, 0, 3, 4 },
-    { 15, 11, 0, 0, 0, -1, 1, 0, 1, 1, 0, 0, 0, 111, 111, 0, 0, 3, 4 },
+    { 15, 11, 0, 0, 0, -1, 1, 0, 1, 1, 0, 0, 0, 100, 100, 0, 0, 3, 4 },
+    { 15, 11, 0, 0, 0, -1, 1, 0, 1, 1, 0, 0, 0, 103, 103, 0, 0, 3, 4 },
+    { 15, 11, 0, 0, 0, -1, 1, 0, 1, 1, 0, 0, 0, 106, 106, 0, 0, 3, 4 },
+    { 15, 11, 0, 0, 0, -1, 1, 0, 1, 1, 0, 0, 0, 109, 109, 0, 0, 3, 4 },
+    { 15, 11, 0, 0, 0, -1, 1, 0, 1, 1, 0, 0, 0, 112, 112, 0, 0, 3, 4 },
     { 15, 11, 0, 0, 0, -1, 2, 0, 0, 0, 0, 0, 0, -59, -59, -58, 0, 3, 4 },
     { 15, 11, 0, 0, 0, -1, 1, 0, 0, 0, 0, 0, 0, 8, 8, 0, 0, 3, 4 },
     { 14, 11, 0, 0, 0, -1, 1, 0, 0, 0, 0, 0, -8, 0, 0, -8, 0, 3, 5 },
-    { 15, 11, 0, 0, 0, -1, 1, 0, 1, 1, 0, 0, 0, 114, 114, 0, 0, 3, 4 },
-    { 15, 11, 0, 0, 0, -1, 1, 0, 1, 1, 0, 0, 0, 117, 117, 0, 0, 3, 4 },
-    { 15, 11, 0, 0, 0, -1, 1, 0, 1, 1, 0, 0, 0, 121, 121, 0, 0, 3, 4 },
-    { 15, 11, 0, 0, 0, -1, 1, 0, 1, 1, 0, 0, 0, 125, 125, 0, 0, 3, 4 },
+    { 15, 11, 0, 0, 0, -1, 1, 0, 1, 1, 0, 0, 0, 115, 115, 0, 0, 3, 4 },
+    { 15, 11, 0, 0, 0, -1, 1, 0, 1, 1, 0, 0, 0, 118, 118, 0, 0, 3, 4 },
+    { 15, 11, 0, 0, 0, -1, 1, 0, 1, 1, 0, 0, 0, 122, 122, 0, 0, 3, 4 },
+    { 15, 11, 0, 0, 0, -1, 1, 0, 1, 1, 0, 0, 0, 126, 126, 0, 0, 3, 4 },
     { 15, 11, 0, 0, 0, -1, 1, 0, 0, 0, 0, 0, 0, 74, 74, 0, 0, 3, 4 },
     { 15, 11, 0, 0, 0, -1, 1, 0, 0, 0, 0, 0, 0, 86, 86, 0, 0, 3, 4 },
     { 15, 11, 0, 0, 0, -1, 1, 0, 0, 0, 0, 0, 0, 100, 100, 0, 0, 3, 4 },
     { 15, 11, 0, 0, 0, -1, 1, 0, 0, 0, 0, 0, 0, 128, 128, 0, 0, 3, 4 },
     { 15, 11, 0, 0, 0, -1, 1, 0, 0, 0, 0, 0, 0, 112, 112, 0, 0, 3, 4 },
     { 15, 11, 0, 0, 0, -1, 1, 0, 0, 0, 0, 0, 0, 126, 126, 0, 0, 3, 4 },
-    { 15, 11, 0, 0, 0, -1, 1, 0, 1, 0, 0, 0, 0, 163, 8, 0, 0, 3, 4 },
-    { 15, 11, 0, 0, 0, -1, 1, 0, 1, 0, 0, 0, 0, 166, 8, 0, 0, 3, 4 },
-    { 15, 11, 0, 0, 0, -1, 1, 0, 1, 0, 0, 0, 0, 169, 8, 0, 0, 3, 4 },
-    { 15, 11, 0, 0, 0, -1, 1, 0, 1, 0, 0, 0, 0, 172, 8, 0, 0, 3, 4 },
-    { 15, 11, 0, 0, 0, -1, 1, 0, 1, 0, 0, 0, 0, 175, 8, 0, 0, 3, 4 },
-    { 15, 11, 0, 0, 0, -1, 1, 0, 1, 0, 0, 0, 0, 178, 8, 0, 0, 3, 4 },
-    { 15, 11, 0, 0, 0, -1, 1, 0, 1, 0, 0, 0, 0, 181, 8, 0, 0, 3, 4 },
-    { 15, 11, 0, 0, 0, -1, 1, 0, 1, 0, 0, 0, 0, 184, 8, 0, 0, 3, 4 },
-    { 16, 11, 0, 0, 0, -1, 1, 0, 1, 0, 0, 0, -8, 163, 0, -8, 0, 3, 5 },
-    { 16, 11, 0, 0, 0, -1, 1, 0, 1, 0, 0, 0, -8, 166, 0, -8, 0, 3, 5 },
-    { 16, 11, 0, 0, 0, -1, 1, 0, 1, 0, 0, 0, -8, 169, 0, -8, 0, 3, 5 },
-    { 16, 11, 0, 0, 0, -1, 1, 0, 1, 0, 0, 0, -8, 172, 0, -8, 0, 3, 5 },
-    { 16, 11, 0, 0, 0, -1, 1, 0, 1, 0, 0, 0, -8, 175, 0, -8, 0, 3, 5 },
-    { 16, 11, 0, 0, 0, -1, 1, 0, 1, 0, 0, 0, -8, 178, 0, -8, 0, 3, 5 },
-    { 16, 11, 0, 0, 0, -1, 1, 0, 1, 0, 0, 0, -8, 181, 0, -8, 0, 3, 5 },
-    { 16, 11, 0, 0, 0, -1, 1, 0, 1, 0, 0, 0, -8, 184, 0, -8, 0, 3, 5 },
-    { 15, 11, 0, 0, 0, -1, 1, 0, 1, 0, 0, 0, 0, 187, 8, 0, 0, 3, 4 },
-    { 15, 11, 0, 0, 0, -1, 1, 0, 1, 0, 0, 0, 0, 190, 8, 0, 0, 3, 4 },
-    { 15, 11, 0, 0, 0, -1, 1, 0, 1, 0, 0, 0, 0, 193, 8, 0, 0, 3, 4 },
-    { 15, 11, 0, 0, 0, -1, 1, 0, 1, 0, 0, 0, 0, 196, 8, 0, 0, 3, 4 },
-    { 15, 11, 0, 0, 0, -1, 1, 0, 1, 0, 0, 0, 0, 199, 8, 0, 0, 3, 4 },
-    { 15, 11, 0, 0, 0, -1, 1, 0, 1, 0, 0, 0, 0, 202, 8, 0, 0, 3, 4 },
-    { 15, 11, 0, 0, 0, -1, 1, 0, 1, 0, 0, 0, 0, 205, 8, 0, 0, 3, 4 },
-    { 15, 11, 0, 0, 0, -1, 1, 0, 1, 0, 0, 0, 0, 208, 8, 0, 0, 3, 4 },
-    { 16, 11, 0, 0, 0, -1, 1, 0, 1, 0, 0, 0, -8, 187, 0, -8, 0, 3, 5 },
-    { 16, 11, 0, 0, 0, -1, 1, 0, 1, 0, 0, 0, -8, 190, 0, -8, 0, 3, 5 },
-    { 16, 11, 0, 0, 0, -1, 1, 0, 1, 0, 0, 0, -8, 193, 0, -8, 0, 3, 5 },
-    { 16, 11, 0, 0, 0, -1, 1, 0, 1, 0, 0, 0, -8, 196, 0, -8, 0, 3, 5 },
-    { 16, 11, 0, 0, 0, -1, 1, 0, 1, 0, 0, 0, -8, 199, 0, -8, 0, 3, 5 },
-    { 16, 11, 0, 0, 0, -1, 1, 0, 1, 0, 0, 0, -8, 202, 0, -8, 0, 3, 5 },
-    { 16, 11, 0, 0, 0, -1, 1, 0, 1, 0, 0, 0, -8, 205, 0, -8, 0, 3, 5 },
-    { 16, 11, 0, 0, 0, -1, 1, 0, 1, 0, 0, 0, -8, 208, 0, -8, 0, 3, 5 },
-    { 15, 11, 0, 0, 0, -1, 1, 0, 1, 0, 0, 0, 0, 211, 8, 0, 0, 3, 4 },
-    { 15, 11, 0, 0, 0, -1, 1, 0, 1, 0, 0, 0, 0, 214, 8, 0, 0, 3, 4 },
-    { 15, 11, 0, 0, 0, -1, 1, 0, 1, 0, 0, 0, 0, 217, 8, 0, 0, 3, 4 },
-    { 15, 11, 0, 0, 0, -1, 1, 0, 1, 0, 0, 0, 0, 220, 8, 0, 0, 3, 4 },
-    { 15, 11, 0, 0, 0, -1, 1, 0, 1, 0, 0, 0, 0, 223, 8, 0, 0, 3, 4 },
-    { 15, 11, 0, 0, 0, -1, 1, 0, 1, 0, 0, 0, 0, 226, 8, 0, 0, 3, 4 },
-    { 15, 11, 0, 0, 0, -1, 1, 0, 1, 0, 0, 0, 0, 229, 8, 0, 0, 3, 4 },
-    { 15, 11, 0, 0, 0, -1, 1, 0, 1, 0, 0, 0, 0, 232, 8, 0, 0, 3, 4 },
-    { 16, 11, 0, 0, 0, -1, 1, 0, 1, 0, 0, 0, -8, 211, 0, -8, 0, 3, 5 },
-    { 16, 11, 0, 0, 0, -1, 1, 0, 1, 0, 0, 0, -8, 214, 0, -8, 0, 3, 5 },
-    { 16, 11, 0, 0, 0, -1, 1, 0, 1, 0, 0, 0, -8, 217, 0, -8, 0, 3, 5 },
-    { 16, 11, 0, 0, 0, -1, 1, 0, 1, 0, 0, 0, -8, 220, 0, -8, 0, 3, 5 },
-    { 16, 11, 0, 0, 0, -1, 1, 0, 1, 0, 0, 0, -8, 223, 0, -8, 0, 3, 5 },
-    { 16, 11, 0, 0, 0, -1, 1, 0, 1, 0, 0, 0, -8, 226, 0, -8, 0, 3, 5 },
-    { 16, 11, 0, 0, 0, -1, 1, 0, 1, 0, 0, 0, -8, 229, 0, -8, 0, 3, 5 },
-    { 16, 11, 0, 0, 0, -1, 1, 0, 1, 0, 0, 0, -8, 232, 0, -8, 0, 3, 5 },
-    { 15, 11, 0, 0, 0, -1, 1, 0, 1, 1, 0, 0, 0, 247, 244, 0, 0, 3, 4 },
-    { 15, 11, 0, 0, 0, -1, 1, 0, 1, 0, 0, 0, 0, 235, 9, 0, 0, 3, 4 },
-    { 15, 11, 0, 0, 0, -1, 1, 0, 1, 1, 0, 0, 0, 253, 250, 0, 0, 3, 4 },
-    { 15, 11, 0, 0, 0, -1, 1, 0, 1, 1, 0, 0, 0, 129, 129, 0, 0, 3, 4 },
-    { 15, 11, 0, 0, 0, -1, 1, 0, 1, 1, 0, 0, 0, 284, 280, 0, 0, 3, 4 },
+    { 15, 11, 0, 0, 0, -1, 1, 0, 1, 0, 0, 0, 0, 164, 8, 0, 0, 3, 4 },
+    { 15, 11, 0, 0, 0, -1, 1, 0, 1, 0, 0, 0, 0, 167, 8, 0, 0, 3, 4 },
+    { 15, 11, 0, 0, 0, -1, 1, 0, 1, 0, 0, 0, 0, 170, 8, 0, 0, 3, 4 },
+    { 15, 11, 0, 0, 0, -1, 1, 0, 1, 0, 0, 0, 0, 173, 8, 0, 0, 3, 4 },
+    { 15, 11, 0, 0, 0, -1, 1, 0, 1, 0, 0, 0, 0, 176, 8, 0, 0, 3, 4 },
+    { 15, 11, 0, 0, 0, -1, 1, 0, 1, 0, 0, 0, 0, 179, 8, 0, 0, 3, 4 },
+    { 15, 11, 0, 0, 0, -1, 1, 0, 1, 0, 0, 0, 0, 182, 8, 0, 0, 3, 4 },
+    { 15, 11, 0, 0, 0, -1, 1, 0, 1, 0, 0, 0, 0, 185, 8, 0, 0, 3, 4 },
+    { 16, 11, 0, 0, 0, -1, 1, 0, 1, 0, 0, 0, -8, 164, 0, -8, 0, 3, 5 },
+    { 16, 11, 0, 0, 0, -1, 1, 0, 1, 0, 0, 0, -8, 167, 0, -8, 0, 3, 5 },
+    { 16, 11, 0, 0, 0, -1, 1, 0, 1, 0, 0, 0, -8, 170, 0, -8, 0, 3, 5 },
+    { 16, 11, 0, 0, 0, -1, 1, 0, 1, 0, 0, 0, -8, 173, 0, -8, 0, 3, 5 },
+    { 16, 11, 0, 0, 0, -1, 1, 0, 1, 0, 0, 0, -8, 176, 0, -8, 0, 3, 5 },
+    { 16, 11, 0, 0, 0, -1, 1, 0, 1, 0, 0, 0, -8, 179, 0, -8, 0, 3, 5 },
+    { 16, 11, 0, 0, 0, -1, 1, 0, 1, 0, 0, 0, -8, 182, 0, -8, 0, 3, 5 },
+    { 16, 11, 0, 0, 0, -1, 1, 0, 1, 0, 0, 0, -8, 185, 0, -8, 0, 3, 5 },
+    { 15, 11, 0, 0, 0, -1, 1, 0, 1, 0, 0, 0, 0, 188, 8, 0, 0, 3, 4 },
+    { 15, 11, 0, 0, 0, -1, 1, 0, 1, 0, 0, 0, 0, 191, 8, 0, 0, 3, 4 },
+    { 15, 11, 0, 0, 0, -1, 1, 0, 1, 0, 0, 0, 0, 194, 8, 0, 0, 3, 4 },
+    { 15, 11, 0, 0, 0, -1, 1, 0, 1, 0, 0, 0, 0, 197, 8, 0, 0, 3, 4 },
+    { 15, 11, 0, 0, 0, -1, 1, 0, 1, 0, 0, 0, 0, 200, 8, 0, 0, 3, 4 },
+    { 15, 11, 0, 0, 0, -1, 1, 0, 1, 0, 0, 0, 0, 203, 8, 0, 0, 3, 4 },
+    { 15, 11, 0, 0, 0, -1, 1, 0, 1, 0, 0, 0, 0, 206, 8, 0, 0, 3, 4 },
+    { 15, 11, 0, 0, 0, -1, 1, 0, 1, 0, 0, 0, 0, 209, 8, 0, 0, 3, 4 },
+    { 16, 11, 0, 0, 0, -1, 1, 0, 1, 0, 0, 0, -8, 188, 0, -8, 0, 3, 5 },
+    { 16, 11, 0, 0, 0, -1, 1, 0, 1, 0, 0, 0, -8, 191, 0, -8, 0, 3, 5 },
+    { 16, 11, 0, 0, 0, -1, 1, 0, 1, 0, 0, 0, -8, 194, 0, -8, 0, 3, 5 },
+    { 16, 11, 0, 0, 0, -1, 1, 0, 1, 0, 0, 0, -8, 197, 0, -8, 0, 3, 5 },
+    { 16, 11, 0, 0, 0, -1, 1, 0, 1, 0, 0, 0, -8, 200, 0, -8, 0, 3, 5 },
+    { 16, 11, 0, 0, 0, -1, 1, 0, 1, 0, 0, 0, -8, 203, 0, -8, 0, 3, 5 },
+    { 16, 11, 0, 0, 0, -1, 1, 0, 1, 0, 0, 0, -8, 206, 0, -8, 0, 3, 5 },
+    { 16, 11, 0, 0, 0, -1, 1, 0, 1, 0, 0, 0, -8, 209, 0, -8, 0, 3, 5 },
+    { 15, 11, 0, 0, 0, -1, 1, 0, 1, 0, 0, 0, 0, 212, 8, 0, 0, 3, 4 },
+    { 15, 11, 0, 0, 0, -1, 1, 0, 1, 0, 0, 0, 0, 215, 8, 0, 0, 3, 4 },
+    { 15, 11, 0, 0, 0, -1, 1, 0, 1, 0, 0, 0, 0, 218, 8, 0, 0, 3, 4 },
+    { 15, 11, 0, 0, 0, -1, 1, 0, 1, 0, 0, 0, 0, 221, 8, 0, 0, 3, 4 },
+    { 15, 11, 0, 0, 0, -1, 1, 0, 1, 0, 0, 0, 0, 224, 8, 0, 0, 3, 4 },
+    { 15, 11, 0, 0, 0, -1, 1, 0, 1, 0, 0, 0, 0, 227, 8, 0, 0, 3, 4 },
+    { 15, 11, 0, 0, 0, -1, 1, 0, 1, 0, 0, 0, 0, 230, 8, 0, 0, 3, 4 },
+    { 15, 11, 0, 0, 0, -1, 1, 0, 1, 0, 0, 0, 0, 233, 8, 0, 0, 3, 4 },
+    { 16, 11, 0, 0, 0, -1, 1, 0, 1, 0, 0, 0, -8, 212, 0, -8, 0, 3, 5 },
+    { 16, 11, 0, 0, 0, -1, 1, 0, 1, 0, 0, 0, -8, 215, 0, -8, 0, 3, 5 },
+    { 16, 11, 0, 0, 0, -1, 1, 0, 1, 0, 0, 0, -8, 218, 0, -8, 0, 3, 5 },
+    { 16, 11, 0, 0, 0, -1, 1, 0, 1, 0, 0, 0, -8, 221, 0, -8, 0, 3, 5 },
+    { 16, 11, 0, 0, 0, -1, 1, 0, 1, 0, 0, 0, -8, 224, 0, -8, 0, 3, 5 },
+    { 16, 11, 0, 0, 0, -1, 1, 0, 1, 0, 0, 0, -8, 227, 0, -8, 0, 3, 5 },
+    { 16, 11, 0, 0, 0, -1, 1, 0, 1, 0, 0, 0, -8, 230, 0, -8, 0, 3, 5 },
+    { 16, 11, 0, 0, 0, -1, 1, 0, 1, 0, 0, 0, -8, 233, 0, -8, 0, 3, 5 },
+    { 15, 11, 0, 0, 0, -1, 1, 0, 1, 1, 0, 0, 0, 248, 245, 0, 0, 3, 4 },
+    { 15, 11, 0, 0, 0, -1, 1, 0, 1, 0, 0, 0, 0, 236, 9, 0, 0, 3, 4 },
+    { 15, 11, 0, 0, 0, -1, 1, 0, 1, 1, 0, 0, 0, 254, 251, 0, 0, 3, 4 },
+    { 15, 11, 0, 0, 0, -1, 1, 0, 1, 1, 0, 0, 0, 130, 130, 0, 0, 3, 4 },
+    { 15, 11, 0, 0, 0, -1, 1, 0, 1, 1, 0, 0, 0, 285, 281, 0, 0, 3, 4 },
     { 14, 11, 0, 0, 0, -1, 1, 0, 0, 0, 0, 0, -74, 0, 0, -74, 0, 3, 5 },
-    { 16, 11, 0, 0, 0, -1, 1, 0, 1, 0, 0, 0, -9, 235, 0, -9, 0, 3, 5 },
+    { 16, 11, 0, 0, 0, -1, 1, 0, 1, 0, 0, 0, -9, 236, 0, -9, 0, 3, 5 },
     { 15, 11, 0, 0, 0, -1, 1, 0, 0, 0, 0, 0, 0, -7205, -7205, -7173, 0, 3, 4 },
-    { 15, 11, 0, 0, 0, -1, 1, 0, 1, 1, 0, 0, 0, 259, 256, 0, 0, 3, 4 },
-    { 15, 11, 0, 0, 0, -1, 1, 0, 1, 0, 0, 0, 0, 238, 9, 0, 0, 3, 4 },
-    { 15, 11, 0, 0, 0, -1, 1, 0, 1, 1, 0, 0, 0, 265, 262, 0, 0, 3, 4 },
-    { 15, 11, 0, 0, 0, -1, 1, 0, 1, 1, 0, 0, 0, 132, 132, 0, 0, 3, 4 },
-    { 15, 11, 0, 0, 0, -1, 1, 0, 1, 1, 0, 0, 0, 292, 288, 0, 0, 3, 4 },
+    { 15, 11, 0, 0, 0, -1, 1, 0, 1, 1, 0, 0, 0, 260, 257, 0, 0, 3, 4 },
+    { 15, 11, 0, 0, 0, -1, 1, 0, 1, 0, 0, 0, 0, 239, 9, 0, 0, 3, 4 },
+    { 15, 11, 0, 0, 0, -1, 1, 0, 1, 1, 0, 0, 0, 266, 263, 0, 0, 3, 4 },
+    { 15, 11, 0, 0, 0, -1, 1, 0, 1, 1, 0, 0, 0, 133, 133, 0, 0, 3, 4 },
+    { 15, 11, 0, 0, 0, -1, 1, 0, 1, 1, 0, 0, 0, 293, 289, 0, 0, 3, 4 },
     { 14, 11, 0, 0, 0, -1, 1, 0, 0, 0, 0, 0, -86, 0, 0, -86, 0, 3, 5 },
-    { 16, 11, 0, 0, 0, -1, 1, 0, 1, 0, 0, 0, -9, 238, 0, -9, 0, 3, 5 },
-    { 15, 11, 0, 0, 0, -1, 1, 0, 1, 1, 0, 0, 0, 135, 135, 0, 0, 3, 4 },
-    { 15, 11, 0, 0, 0, -1, 1, 0, 1, 1, 0, 0, 0, 139, 139, 0, 0, 3, 4 },
-    { 15, 11, 0, 0, 0, -1, 1, 0, 1, 1, 0, 0, 0, 142, 142, 0, 0, 3, 4 },
+    { 16, 11, 0, 0, 0, -1, 1, 0, 1, 0, 0, 0, -9, 239, 0, -9, 0, 3, 5 },
+    { 15, 11, 0, 0, 0, -1, 1, 0, 1, 1, 0, 0, 0, 136, 136, 0, 0, 3, 4 },
+    { 15, 11, 0, 0, 0, -1, 1, 0, 1, 1, 0, 0, 0, 140, 140, 0, 0, 3, 4 },
+    { 15, 11, 0, 0, 0, -1, 1, 0, 1, 1, 0, 0, 0, 143, 143, 0, 0, 3, 4 },
     { 14, 11, 0, 0, 0, -1, 1, 0, 0, 0, 0, 0, -100, 0, 0, -100, 0, 3, 5 },
-    { 15, 11, 0, 0, 0, -1, 1, 0, 1, 1, 0, 0, 0, 146, 146, 0, 0, 3, 4 },
-    { 15, 11, 0, 0, 0, -1, 1, 0, 1, 1, 0, 0, 0, 150, 150, 0, 0, 3, 4 },
-    { 15, 11, 0, 0, 0, -1, 1, 0, 1, 1, 0, 0, 0, 153, 153, 0, 0, 3, 4 },
-    { 15, 11, 0, 0, 0, -1, 1, 0, 1, 1, 0, 0, 0, 156, 156, 0, 0, 3, 4 },
+    { 15, 11, 0, 0, 0, -1, 1, 0, 1, 1, 0, 0, 0, 147, 147, 0, 0, 3, 4 },
+    { 15, 11, 0, 0, 0, -1, 1, 0, 1, 1, 0, 0, 0, 151, 151, 0, 0, 3, 4 },
+    { 15, 11, 0, 0, 0, -1, 1, 0, 1, 1, 0, 0, 0, 154, 154, 0, 0, 3, 4 },
+    { 15, 11, 0, 0, 0, -1, 1, 0, 1, 1, 0, 0, 0, 157, 157, 0, 0, 3, 4 },
     { 14, 11, 0, 0, 0, -1, 1, 0, 0, 0, 0, 0, -112, 0, 0, -112, 0, 3, 5 },
     { 14, 11, 0, 0, 0, -1, 1, 0, 0, 0, 0, 0, -7, 0, 0, -7, 0, 3, 5 },
-    { 15, 11, 0, 0, 0, -1, 1, 0, 1, 1, 0, 0, 0, 271, 268, 0, 0, 3, 4 },
-    { 15, 11, 0, 0, 0, -1, 1, 0, 1, 0, 0, 0, 0, 241, 9, 0, 0, 3, 4 },
-    { 15, 11, 0, 0, 0, -1, 1, 0, 1, 1, 0, 0, 0, 277, 274, 0, 0, 3, 4 },
-    { 15, 11, 0, 0, 0, -1, 1, 0, 1, 1, 0, 0, 0, 160, 160, 0, 0, 3, 4 },
-    { 15, 11, 0, 0, 0, -1, 1, 0, 1, 1, 0, 0, 0, 300, 296, 0, 0, 3, 4 },
+    { 15, 11, 0, 0, 0, -1, 1, 0, 1, 1, 0, 0, 0, 272, 269, 0, 0, 3, 4 },
+    { 15, 11, 0, 0, 0, -1, 1, 0, 1, 0, 0, 0, 0, 242, 9, 0, 0, 3, 4 },
+    { 15, 11, 0, 0, 0, -1, 1, 0, 1, 1, 0, 0, 0, 278, 275, 0, 0, 3, 4 },
+    { 15, 11, 0, 0, 0, -1, 1, 0, 1, 1, 0, 0, 0, 161, 161, 0, 0, 3, 4 },
+    { 15, 11, 0, 0, 0, -1, 1, 0, 1, 1, 0, 0, 0, 301, 297, 0, 0, 3, 4 },
     { 14, 11, 0, 0, 0, -1, 1, 0, 0, 0, 0, 0, -128, 0, 0, -128, 0, 3, 5 },
     { 14, 11, 0, 0, 0, -1, 1, 0, 0, 0, 0, 0, -126, 0, 0, -126, 0, 3, 5 },
-    { 16, 11, 0, 0, 0, -1, 1, 0, 1, 0, 0, 0, -9, 241, 0, -9, 0, 3, 5 },
+    { 16, 11, 0, 0, 0, -1, 1, 0, 1, 0, 0, 0, -9, 242, 0, -9, 0, 3, 5 },
     { 6, 15, 9, 0, 0, -1, 1, 0, 0, 0, 0, 0, 0, 0, 0, 0, 0, 0, 3 },
     { 6, 3, 9, 0, 0, -1, 1, 0, 0, 0, 0, 0, 0, 0, 0, 0, 0, 0, 3 },
     { 10, 18, 18, 0, 0, -1, 1, 0, 0, 0, 0, 0, 0, 0, 0, 0, 3, 1, 2 },
@@ -4212,17 +4212,17 @@ static const QUnicodeTables::Properties uc_properties[] = {
     { 11, 27, 0, 0, 0, -1, 2, 0, 0, 0, 0, 0, 0, 0, 0, 0, 0, 0, 0 },
     { 12, 11, 0, 0, 0, -1, 1, 0, 0, 0, 0, 0, 0, 0, 0, 0, 0, 0, 0 },
     { 18, 12, 0, 0, 0, -1, 6, 0, 0, 0, 0, 0, 0, 0, 0, 0, 0, 3, 6 },
-    { 15, 11, 0, 0, 0, -1, 1, 0, 1, 1, 0, 0, 0, 12, 9, 0, 0, 3, 4 },
-    { 15, 11, 0, 0, 0, -1, 1, 0, 1, 1, 0, 0, 0, 18, 15, 0, 0, 3, 4 },
-    { 15, 11, 0, 0, 0, -1, 1, 0, 1, 1, 0, 0, 0, 24, 21, 0, 0, 3, 4 },
-    { 15, 11, 0, 0, 0, -1, 1, 0, 1, 1, 0, 0, 0, 31, 27, 0, 0, 3, 4 },
-    { 15, 11, 0, 0, 0, -1, 1, 0, 1, 1, 0, 0, 0, 39, 35, 0, 0, 3, 4 },
-    { 15, 11, 0, 0, 0, -1, 1, 0, 1, 1, 0, 0, 0, 46, 43, 0, 0, 3, 4 },
-    { 15, 11, 0, 0, 0, -1, 1, 0, 1, 1, 0, 0, 0, 58, 55, 0, 0, 3, 4 },
-    { 15, 11, 0, 0, 0, -1, 1, 0, 1, 1, 0, 0, 0, 64, 61, 0, 0, 3, 4 },
-    { 15, 11, 0, 0, 0, -1, 1, 0, 1, 1, 0, 0, 0, 70, 67, 0, 0, 3, 4 },
-    { 15, 11, 0, 0, 0, -1, 1, 0, 1, 1, 0, 0, 0, 76, 73, 0, 0, 3, 4 },
-    { 15, 11, 0, 0, 0, -1, 1, 0, 1, 1, 0, 0, 0, 82, 79, 0, 0, 3, 4 },
+    { 15, 11, 0, 0, 0, -1, 1, 0, 1, 1, 0, 0, 0, 13, 10, 0, 0, 3, 4 },
+    { 15, 11, 0, 0, 0, -1, 1, 0, 1, 1, 0, 0, 0, 19, 16, 0, 0, 3, 4 },
+    { 15, 11, 0, 0, 0, -1, 1, 0, 1, 1, 0, 0, 0, 25, 22, 0, 0, 3, 4 },
+    { 15, 11, 0, 0, 0, -1, 1, 0, 1, 1, 0, 0, 0, 32, 28, 0, 0, 3, 4 },
+    { 15, 11, 0, 0, 0, -1, 1, 0, 1, 1, 0, 0, 0, 40, 36, 0, 0, 3, 4 },
+    { 15, 11, 0, 0, 0, -1, 1, 0, 1, 1, 0, 0, 0, 47, 44, 0, 0, 3, 4 },
+    { 15, 11, 0, 0, 0, -1, 1, 0, 1, 1, 0, 0, 0, 59, 56, 0, 0, 3, 4 },
+    { 15, 11, 0, 0, 0, -1, 1, 0, 1, 1, 0, 0, 0, 65, 62, 0, 0, 3, 4 },
+    { 15, 11, 0, 0, 0, -1, 1, 0, 1, 1, 0, 0, 0, 71, 68, 0, 0, 3, 4 },
+    { 15, 11, 0, 0, 0, -1, 1, 0, 1, 1, 0, 0, 0, 77, 74, 0, 0, 3, 4 },
+    { 15, 11, 0, 0, 0, -1, 1, 0, 1, 1, 0, 0, 0, 83, 80, 0, 0, 3, 4 },
     { 18, 11, 1, 0, 0, -1, 4, 0, 0, 0, 0, 0, 0, 0, 0, 0, 0, 3, 6 },
     { 0, 19, 17, 26, 0, -1, 1, 0, 0, 0, 0, 0, 0, 0, 0, 0, 4, 1, 0 },
     { 13, 11, 0, 0, 0, -1, 5, 0, 0, 0, 0, 0, 0, 0, 0, 0, 0, 0, 0 },
@@ -4351,102 +4351,102 @@ Q_CORE_EXPORT QUnicodeTables::LineBreakClass QT_FASTCALL QUnicodeTables::lineBre
 }
 
 static const ushort specialCaseMap[] = {
-    0x53, 0x73, 0x0,
-    0x53, 0x53, 0x0,
-    0x69, 0x307, 0x0,
-    0x46, 0x66, 0x0,
-    0x46, 0x46, 0x0,
-    0x46, 0x69, 0x0,
-    0x46, 0x49, 0x0,
-    0x46, 0x6c, 0x0,
-    0x46, 0x4c, 0x0,
-    0x46, 0x66, 0x69, 0x0,
-    0x46, 0x46, 0x49, 0x0,
-    0x46, 0x66, 0x6c, 0x0,
-    0x46, 0x46, 0x4c, 0x0,
-    0x53, 0x74, 0x0,
-    0x53, 0x54, 0x0,
-    0x535, 0x582, 0x0,
-    0x535, 0x552, 0x0,
-    0x544, 0x576, 0x0,
-    0x544, 0x546, 0x0,
-    0x544, 0x565, 0x0,
-    0x544, 0x535, 0x0,
-    0x544, 0x56b, 0x0,
-    0x544, 0x53b, 0x0,
-    0x54e, 0x576, 0x0,
-    0x54e, 0x546, 0x0,
-    0x544, 0x56d, 0x0,
-    0x544, 0x53d, 0x0,
-    0x2bc, 0x4e, 0x0,
-    0x399, 0x308, 0x301, 0x0,
-    0x3a5, 0x308, 0x301, 0x0,
-    0x4a, 0x30c, 0x0,
-    0x48, 0x331, 0x0,
-    0x54, 0x308, 0x0,
-    0x57, 0x30a, 0x0,
-    0x59, 0x30a, 0x0,
-    0x41, 0x2be, 0x0,
-    0x3a5, 0x313, 0x0,
-    0x3a5, 0x313, 0x300, 0x0,
-    0x3a5, 0x313, 0x301, 0x0,
-    0x3a5, 0x313, 0x342, 0x0,
-    0x391, 0x342, 0x0,
-    0x397, 0x342, 0x0,
-    0x399, 0x308, 0x300, 0x0,
-    0x399, 0x342, 0x0,
-    0x399, 0x308, 0x342, 0x0,
-    0x3a5, 0x308, 0x300, 0x0,
-    0x3a1, 0x313, 0x0,
-    0x3a5, 0x342, 0x0,
-    0x3a5, 0x308, 0x342, 0x0,
-    0x3a9, 0x342, 0x0,
-    0x1f08, 0x399, 0x0,
-    0x1f09, 0x399, 0x0,
-    0x1f0a, 0x399, 0x0,
-    0x1f0b, 0x399, 0x0,
-    0x1f0c, 0x399, 0x0,
-    0x1f0d, 0x399, 0x0,
-    0x1f0e, 0x399, 0x0,
-    0x1f0f, 0x399, 0x0,
-    0x1f28, 0x399, 0x0,
-    0x1f29, 0x399, 0x0,
-    0x1f2a, 0x399, 0x0,
-    0x1f2b, 0x399, 0x0,
-    0x1f2c, 0x399, 0x0,
-    0x1f2d, 0x399, 0x0,
-    0x1f2e, 0x399, 0x0,
-    0x1f2f, 0x399, 0x0,
-    0x1f68, 0x399, 0x0,
-    0x1f69, 0x399, 0x0,
-    0x1f6a, 0x399, 0x0,
-    0x1f6b, 0x399, 0x0,
-    0x1f6c, 0x399, 0x0,
-    0x1f6d, 0x399, 0x0,
-    0x1f6e, 0x399, 0x0,
-    0x1f6f, 0x399, 0x0,
-    0x391, 0x399, 0x0,
-    0x397, 0x399, 0x0,
-    0x3a9, 0x399, 0x0,
-    0x1fba, 0x345, 0x0,
-    0x1fba, 0x399, 0x0,
-    0x386, 0x345, 0x0,
-    0x386, 0x399, 0x0,
-    0x1fca, 0x345, 0x0,
-    0x1fca, 0x399, 0x0,
-    0x389, 0x345, 0x0,
-    0x389, 0x399, 0x0,
-    0x1ffa, 0x345, 0x0,
-    0x1ffa, 0x399, 0x0,
-    0x38f, 0x345, 0x0,
-    0x38f, 0x399, 0x0,
-    0x391, 0x342, 0x345, 0x0,
-    0x391, 0x342, 0x399, 0x0,
-    0x397, 0x342, 0x345, 0x0,
-    0x397, 0x342, 0x399, 0x0,
-    0x3a9, 0x342, 0x345, 0x0,
-    0x3a9, 0x342, 0x399, 0x0
-   
+    0x0, // placeholder
+    0x2, 0x53, 0x73,
+    0x2, 0x53, 0x53,
+    0x2, 0x69, 0x307,
+    0x2, 0x46, 0x66,
+    0x2, 0x46, 0x46,
+    0x2, 0x46, 0x69,
+    0x2, 0x46, 0x49,
+    0x2, 0x46, 0x6c,
+    0x2, 0x46, 0x4c,
+    0x3, 0x46, 0x66, 0x69,
+    0x3, 0x46, 0x46, 0x49,
+    0x3, 0x46, 0x66, 0x6c,
+    0x3, 0x46, 0x46, 0x4c,
+    0x2, 0x53, 0x74,
+    0x2, 0x53, 0x54,
+    0x2, 0x535, 0x582,
+    0x2, 0x535, 0x552,
+    0x2, 0x544, 0x576,
+    0x2, 0x544, 0x546,
+    0x2, 0x544, 0x565,
+    0x2, 0x544, 0x535,
+    0x2, 0x544, 0x56b,
+    0x2, 0x544, 0x53b,
+    0x2, 0x54e, 0x576,
+    0x2, 0x54e, 0x546,
+    0x2, 0x544, 0x56d,
+    0x2, 0x544, 0x53d,
+    0x2, 0x2bc, 0x4e,
+    0x3, 0x399, 0x308, 0x301,
+    0x3, 0x3a5, 0x308, 0x301,
+    0x2, 0x4a, 0x30c,
+    0x2, 0x48, 0x331,
+    0x2, 0x54, 0x308,
+    0x2, 0x57, 0x30a,
+    0x2, 0x59, 0x30a,
+    0x2, 0x41, 0x2be,
+    0x2, 0x3a5, 0x313,
+    0x3, 0x3a5, 0x313, 0x300,
+    0x3, 0x3a5, 0x313, 0x301,
+    0x3, 0x3a5, 0x313, 0x342,
+    0x2, 0x391, 0x342,
+    0x2, 0x397, 0x342,
+    0x3, 0x399, 0x308, 0x300,
+    0x2, 0x399, 0x342,
+    0x3, 0x399, 0x308, 0x342,
+    0x3, 0x3a5, 0x308, 0x300,
+    0x2, 0x3a1, 0x313,
+    0x2, 0x3a5, 0x342,
+    0x3, 0x3a5, 0x308, 0x342,
+    0x2, 0x3a9, 0x342,
+    0x2, 0x1f08, 0x399,
+    0x2, 0x1f09, 0x399,
+    0x2, 0x1f0a, 0x399,
+    0x2, 0x1f0b, 0x399,
+    0x2, 0x1f0c, 0x399,
+    0x2, 0x1f0d, 0x399,
+    0x2, 0x1f0e, 0x399,
+    0x2, 0x1f0f, 0x399,
+    0x2, 0x1f28, 0x399,
+    0x2, 0x1f29, 0x399,
+    0x2, 0x1f2a, 0x399,
+    0x2, 0x1f2b, 0x399,
+    0x2, 0x1f2c, 0x399,
+    0x2, 0x1f2d, 0x399,
+    0x2, 0x1f2e, 0x399,
+    0x2, 0x1f2f, 0x399,
+    0x2, 0x1f68, 0x399,
+    0x2, 0x1f69, 0x399,
+    0x2, 0x1f6a, 0x399,
+    0x2, 0x1f6b, 0x399,
+    0x2, 0x1f6c, 0x399,
+    0x2, 0x1f6d, 0x399,
+    0x2, 0x1f6e, 0x399,
+    0x2, 0x1f6f, 0x399,
+    0x2, 0x391, 0x399,
+    0x2, 0x397, 0x399,
+    0x2, 0x3a9, 0x399,
+    0x2, 0x1fba, 0x345,
+    0x2, 0x1fba, 0x399,
+    0x2, 0x386, 0x345,
+    0x2, 0x386, 0x399,
+    0x2, 0x1fca, 0x345,
+    0x2, 0x1fca, 0x399,
+    0x2, 0x389, 0x345,
+    0x2, 0x389, 0x399,
+    0x2, 0x1ffa, 0x345,
+    0x2, 0x1ffa, 0x399,
+    0x2, 0x38f, 0x345,
+    0x2, 0x38f, 0x399,
+    0x3, 0x391, 0x342, 0x345,
+    0x3, 0x391, 0x342, 0x399,
+    0x3, 0x397, 0x342, 0x345,
+    0x3, 0x397, 0x342, 0x399,
+    0x3, 0x3a9, 0x342, 0x345,
+    0x3, 0x3a9, 0x342, 0x399
 };
 #define SPECIAL_CASE_MAX_LEN 3